68849667
17053700
67608582
17097736
17179145
66596873
65039371
65039369
63833618
63801369
16901659
17079323
17025053
16935966
17025057
16900647
787496
17025067
64008752
17186871
17097784
17161274
16898621
16898624
17025093
64589894
16898632
17025097
16900682
25414218
42419277
67555405
16909391
17065554
68399192
16898650
29852250
25414242
16900714
63850604
25470062
69282416
17068153
40220793
63703164
16898685
64022658
16898693
16900237
32095892
17064597
42357397
16900247
16898712
68585624
67556508
16898724
16898725
16900267
25414316
67554478
16903855
16910010
66619074
65717958
16898762
16900813
69282514
42333396
70083285
65310443
16901871
17068786
69323509
16902908
16900862
42525442
69959953
16898841
16902939
16898845
17098525
16898847
16906016
70133540
16898853
64522537
69182251
25489708
64933169
69733171
16904506
16906044
16902461
64522047
16898375
66432858
64292189
66219878
16909162
16899947
16900975
68809074
16900984
17196921
63696249
69182335
35700609
16898437
16899975
17067404
16898448
42752913
1705363
16910234
16902556
34129830
69282216
17053612
16904109
16901038
17053615
42525616
69881265
17053622
17186745
17053628
16898495
16936385
16898498
69733317
69282761
17053645
68423629
16898515
16901077
17053653
17064918
17053656
67497942
67995613
16898529
64424418
16935914
16935918
17025006
17098740
16935927
70184441
66603521