67608582
67043336
67043343
70303763
69337110
69337111
69337118
69206048
63815716
69337128
69337129
69337132
69337133
69517359
66166832
69337138
65372215
65372219
69337151
63815746
65372227
66756675
67420226
66142280
65019985
65372242
67420244
66248794
66756699
64020584
64020594
65020020
69517442
66568332
66904205
66904214
69533865
37093557
66216133
37093596
66511077
66216168
37093615
66494710
66494713
69959934
65765635
68862223
69959953
66511121
69959959
69861656
69861662
66814257
69959990
66363720
65765716
68059519
68198788
64455045
65151373
63955343
66797983
66879918
69927353
63857091
66904516
69927365
66798023
63857098
64307665
64455130
42090974
65798625
66093554
65012214
66904572
66904575
63857158
42091017
66904589
42525199
66904592
63857171
65004065
65012258
64946746
65626687
42525286
66069099
65626734
69927557
42525318
65127045
69927562
67355276
64291482
42525342
64160414
64160417
66798246
42525359
42525363
42525368
69182139
42525373
64258756
42525383
70083285
42525406
65127136
66298595
67355365
42525414
65127148
42525421
42525422
64529135
70066927
67617521
64086765
64258803
70066925
42525430
70066935
42525433
70066938
69862140
64258813
69182206
42525442
42525453
42525464
64291624
69182251
42525486
63734579
64291638
64545591
65520443
70157122
65020744
66220021
63890256
63890257
42525523
64291682
42525538
42525564
69182335
42525569
66220032
66220035
65905571
65274789
63865767
65020843
63865773
42525616
66560944
42525628
66380734
42525633
42525638
66560969
42525649
42525658
69960673
66380794
64504835
66380805
65971210
66380813
66380814
66220061
63808537
66200605
69051425
63808553
69903407
69051443
65479734
66380854
64291899
66200640
66380864
69903426
65479748
63890501
64439369
63890505
64504918
65193049
67855449
64504947
67535989
63710337
65971329
68849665
66118791
65021063
66118795
67929236
64504980
67536028
68256926
68256936
64431273
66856111
64505021
64431310
66102483
65086680
64439515
66220102
66220105
64431362
68896006
68896019
70173981
67642675
66220120
67380545
66520402
66520407
64292189
65021284
66340201
66520431
66340212
69985700
64185773
69985713
64185781
68445651
65021399
64185819
66651613
65021419
64185836
64185839
67020293
63833618
64185887
64185905
63923791
67020372
63923797
64357986
64357995
67913334
63948417
70108804
67569297
64358044
65717924
64358053
70051493
62817962
70051499
67339960
63719097
67339967
66619074
65717958
65717960
65717961
63588042
63792841
66619085
56846030
64636623
66594514
65717984
64636641
63792868
67790566
67790569
65717998
65718001
65718002
64956151
65718013
65718016
64956169
70133513
66823945
63858451
70133524
63858454
66553627
66520859
66520868
70133540
70108971
70108974
64522047
66594652
66594653
65095519
65619810
64677763
68544396
70068129
64620461
64620462
64522176
63997890
67995613
64522218
65095660
68315124
63768574
65841155
63768583
67520519
63768587
66136076
66136077
66136079
63768593
66136081
63768598
63768600
63801369
65841180
63768608
63801377
64243766
63825979
69732411
63825984
64243780
63973446
68585544
63850569
69732435
64948320
69732449
63850604
64948341
63703164
69732482
64022658
68970635
68585614
66603157
68585624
64948378
67520668
69732509
65759388
69732511
69077186
70109381
68585670
67152081
69904600
67963103
67152097
63858915
63858916
67414246
64243944
67414251
67315949
67414258
67414261
67152119
65595639
67152133
64276753
69732629
69732630
69159207
67152167
64522537
64276781
67152173
63924537
67152197
64825671
63924554
70052190
70052230
64825742
69282201
69863836
68585889
68585891
69282216
69159339
69863852
66439595
66439600
69863865
65759695
70052306
69282266
66587101
64965088
64424418
64965093
69282283
69282291
69282294
66603521
66603524
66439687
66603528
66603532
68520471
63891995
69282333
65595936
69282338
66439714
69282349
69282350
69282360
65825345
69282382
66767443
69323350
65825366
69323353
67152473
67152479
66767456
67152484
66423400
67152488
69282410
64932460
69282416
64932465
69282421
66423437
66955931
69323435
64064180
66677436
63908550
64932551
63982280
64932553
66325197
69282510
66325199
63908560
67996369
69282514
67996371
69282509
69282517
63982295
69282526
64064224
69282529
64932578
69323492
69323493
67996391
69733096
64932586
63892202
64252652
68152048
63892209
68152049
69323508
69323509
63892219
69282557
68152064
63892224
69323526
66530055
69323528
67980041
68520714
66530056
68520717
67480334
70069011
65366815
69282604
69282606
69733170
69733171
66325303
64940860
69282634
63499090
63499096
69282651
63499107
68029285
64449383
67480424
64932714
68029291
69733239
69733241
64449403
64449407
63597440
64449410
69282694
68029320
69282697
68029322
69282699
64711562
69282701
63736719
63982502
63597485
63736749
69987249
69282744
64449466
63597505
69733316
69733317
67554244
63736774
69282761
65203146
69282763
65203145
67554255
66137043
67554259
69733334
63843290
64728029
69733353
69733364
69282809
69282810
69733373
69282816
69282820
65039369
65039371
64711691
67554318
69733390
69282834
64728082
69282836
69282840
63278105
69733402
64932891
69282841
65842207
64932897
64941091
66923560
67557244
69733418
64932908
67557245
67554352
67554353
64932921
64932922
69282876
69282877
69282880
67554371
67554374
64932940
64932941
64932948
69733463
68045912
64932951
64932959
64932962
70069362
68824181
64932982
62893175
66661496
68807801
69282947
69282948
64933016
64933018
66890907
67554461
68045981
64933026
64933028
66931877
67767461
66890924
67554477
67554478
68930733
69282993
69282994
63777974
66759867
69733567
68766912
69283009
66120909
68807886
63696079
66645202
63696084
65842395
67554528
67554530
66645224
69733611
69733612
67767535
68807925
67554550
63926346
64564474
67497226
68766998
69283107
64933157
62704936
64933169
66522426
66522429
64400708
68398424
66522462
69283177
64933229
64933230
63925617
63761777
63761779
69733747
63696249
63917444
67440004
67554694
67554695
63671697
65670549
68398488
68398490
63917470
65670558
64933278
65056160
69733795
67554724
67554723
67161516
69733808
69881265
69733810
69733811
69733812
69733813
69733814
69733815
69733816
69733817
69733818
69733819
69733820
67161533
68398525
66448830
66448833
64269768
64269770
68398542
68398544
69881300
64269785
67161562
68931060
65900020
70184441
64269820
69365252
64269831
65900046
66014737
67554834
67554842
67554845
66620959
66620962
66620964
67554854
66014770
63852093
63852102
66186835
63278697
68398720
65801859
68398723
69283463
69283464
63745673
68480649
69283469
67554977
68390567
69881516
69881521
64482994
67554996
67554997
66776763
64696003
67555014
66031302
64696008
66776781
67546832
69283555
65310441
65310443
66481911
69283576
65253113
69283597
69283599
66432795
68398878
69283617
67555108
69283623
66432808
64638759
63721265
63721266
69283641
68398910
68398917
66432858
66219867
66219866
66219869
66219870
66432860
66432864
66219874
66219875
66432868
66219878
66219881
66219888
68366193
66219890
68398963
69283700
68398965
68366198
66219898
66219900
66219901
66219902
66219903
66219905
67555202
64638854
69283718
69283720
69283721
69283722
64638860
69283725
66219918
67555212
67555216
66219917
66219916
66219923
66219924
66219926
66219927
66219928
69283745
70021032
66809777
68399042
63967171
66719684
68423629
68399054
66719694
68423632
64597972
66219988
67497942
64163796
63279064
68399061
66432982
64163803
64597988
63238120
66220013
66220017
66596849
66220020
64598005
66220022
64598006
63279096
66220023
69283834
66220027
66220028
63967229
66220026
68849664
66220033
63279106
68849667
66220036
66220037
66220038
66220039
66220040
66596873
67555338
67555337
66220044
66220045
66220046
66220042
66220041
66220049
66220050
66220052
66220053
66220054
66220055
66220056
64598041
66220057
66220058
67555356
67407901
67555358
66220060
66220063
67407905
66482204
66220067
66220068
66220069
66220070
66220071
66220072
63279145
66220075
66220076
66220077
66220078
63754286
66220080
66220081
66220079
66220083
66474037
66220086
64589879
66220088
66220089
66220090
63279161
66220093
63754302
63279167
66220095
66220096
66220097
66220099
66220100
64589894
66220103
63754312
66220104
65515594
67555403
66220106
67555405
67555406
66220111
66220112
66220113
66220110
66220115
63926356
66220117
66220118
68399192
68399193
68399194
68399195
66220123
66220125
66220124
66220127
63975520
66220129
66220130
66220131
66220132
67063903
66220135
66220137
66220138
66220140
66220144
66220145
69546098
63926385
63926389
66220150
66220151
66220155
67555451
66220157
66220159
64663681
66220164
66220165
66220166
66220168
66220170
66220171
66220172
64663692
66809998
66220175
66220177
66220178
66220180
66220185
66220186
66220188
66220189
66220198
68399271
67555497
66220202
68399277
68399278
67555503
66220206
66220208
68399283
66220213
66220216
66220219
67555518
66220227
66220229
62910667
66220241
64663761
64663763
66220244
64663766
64663770
63615195
63615197
66220256
66220259
66220260
66220261
68399337
66220265
68415723
66220269
66220275
66220288
67662087
63279367
66220297
66220301
68399382
66605335
68399384
68399383
68399386
68366621
68366622
68399390
68972831
63869218
68399394
67572017
68415794
67416371
63279412
67113273
67416379
68415804
67113299
69857621
67416414
68809055
68809074
68972927
68399488
68415879
68415882
63869326
68415888
67416467
68399510
68399511
63369628
67334564
68415909
67113385
65327552
63427015
63427030
68399578
67416539
70119903
66384352
70119905
68973023
63279586
67416554
68399609
68399610
65327612
68399613
65327616
64950784
67555854
67138064
65311252
64352800
65311265
64008752
64352828
67736169
68399723
68399725
67555968
63902349
67555987
63902366
67211947
67556024
63713985
63713986
68399816
68416202
68416233
68416234
66589424
66589425
64385786
65164038
66859784
67113742
68416270
68416272
65499924
68416279
68416281
68416289
68416290
68416291
66048804
67556133
70054700
68416303
68399924
66859829
68417307
66589507
65884998
64394056
65024852
70054747
70054754
68399986
68399989
65024887
68399992
68399995
65024894
70120330
68416401
67212177
68400021
68694934
65639318
68694936
65131425
69342124
64385964
63894447
64385968
65024948
67212227
66794449
66278353
66278358
64345046
68400090
70022107
68400095
66278368
68400101
68416495
68400121
66712570
66540538
66712576
68719618
66712579
68457474
68719630
67212303
64345110
66278425
68457497
64345120
66712613
68400168
66794539
66712625
68416562
68416563
69809203
69809206
65344576
68416580
66794565
68400201
66794571
68400211
66794597
33289324
68457580
66794612
66794615
68457604
66794630
63771789
65344656
65344657
67556499
67556503
67556504
68400280
68400279
67556507
66794652
67556508
67556509
67556513
67556514
65344675
67556516
68416677
69366953
68416681
69366959
63812790
65344701
68416704
68416706
68416707
68416708
68416709
67556559
67556562
67556563
67048694
66172151
68605178
67556614
64705798
67556625
66172192
63845678
66172206
63845681
66737457
66737469
63845701
69367109
68416846
69956942
67556688
69956953
65566044
63845728
68416869
69367143
67081586
63821184
67081600
68416902
68416904
68416911
68416913
68400530
68416914
66647449
68416934
68416936
69367209
68416939
66295217
69367218
68851124
68457925
63616454
67048908
66442703
68400592
66622928
67048915
66622934
66311649
66991594
68400626
69105143
69883385
69105154
69883409
64198171
68400692
68400693
68400697
67049018
66836046
68400720
66803285
69883477
69883482
68400735
66991720
68400745
67556977
67556980
67556985
68228730
67556990
64091804
67557022
64911012
66270884
67565222
67450535
64091820
66270898
64476850
64476852
64476851
64091826
64476856
64476857
68417213
64476866
64313033
68400850
67081941
67081962
68400881
69881268
67565298
68400882
67565301
67565302
66270967
68400886
68400885
66270973
67557125
67557126
64091920
67082001
68417297
68417299
66623254
63862553
69334811
68400923
69367581
69334814
66623263
67565344
68400929
69883678
67565347
63862563
68400941
68400942
67565369
67565373
67082050
66492229
38254414
67565391
67565392
67565397
63862614
67565399
67557212
68400989
68400990
68400991
67163998
69883753
64042857
67565425
67565426
63797105
68417394
63797109
68401014
67557233
67557240
67180406
67565434
66484085
67565436
69957501
64706430
67565437
67565440
67557247
68417410
67565442
68417412
68417413
67565444
67565447
67565448
63862665
67565449
67557250
66484103
67565460
69957526
64092057
64092063
68671399
64198574
69572527
64092078
69572533
64092090
66394044
64092095
64198594
68417474
63961026
67565523
69334996
66394078
63379431
63961064
69335019
69335020
69335023
67557361
67557362
69335027
64247796
69335030
67557380
67557384
67557389
67164184
67164185
67164193
66050082
67164198
65738794
64100397
66050098
64198706
66500658
69957682
63928373
67565626
67565627
67565629
63928392
66050134
67557489
66500723
67401853
69335168
67164288
68130956
65738908
64477348
65738925
69466287
65788086
64960696
69335225
65788091
66394300
64035017
67262666
67262669
67565782
67565785
67565786
64911579
64911584
69335266
64911591
65812716
69335285
69335288
69335291
69335297
67402000
69335316
69335346
69335348
69335356
69335358
42711358
69335361
69335364
67402057
69335372
65526096
69335383
69335387
69335396
66435440
66435443
69335414
66435449
69335423
68671873
69335432
69335446
69335448
68671906
69335462
69958059
67484081
66771378
64035254
67484091
67566020
64035284
67566046
69335522
68696559
69335539
69335540
69335542
68696567
69335548
67566087
69335561
66050573
69335567
69335577
63896091
66050591
69335606
66050619
66394684
66337342
69335616
68074052
69335621
66558534
65215052
69335634
64445023
69335648
69335649
66435683
67385968
66558590
67836546
69335690
69335691
66435722
64445084
67123872
69860021
69860022
70097594
69860042
69335755
69860043
69860046
64322255
63912658
69335763
63912665
63658716
64445158
70023911
63912683
64445170
63912698
64322304
64436992
64445186
69335813
69335819
64805645
63634202
63912733
63576874
63560493
64838454
69335874
64838472
66960211
68426582
66788184
63871832
48135012
66435950
68500345
66435971
63945607
63937424
63945618
65600406
65838005
69335998
69958602
65215437
64838617
63880154
66337757
69958621
68500448
66485217
69336039
65592332
68746253
68746257
65592339
69860375
68910110
68910113
69336102
67271730
63290427
66305094
69336134
65690699
69336159
63601761
65690722
69336162
67271785
69336170
69336194
66763906
66927750
66927751
66763923
64589828
69860519
69860537
69860539
66829507
69336261
69860552
67255500
67255504
63929556
69860570
67255522
67255525
69336296
69336297
69336304
69336305
64589848
63847686
63847699
63839507
65740057
68459818
66870575
69336382
63847758
66870617
66501980
65740133
67419505
69336436
65658239
69336448
69336450
65985927
65117577
65953168
67444120
41377176
63880613
69885352
67419563
63995319
64658873
67419580
69885374
65592771
65740228
67419595
63880655
69336556
69336557
69336558
69336559
69336560
65592816
66805235
69860860
66805246
63856131
63684103
69860875
63684109
69983759
69983762
69983764
69983765
69205524
69205528
69336607
64691759
66444849
66444854
70098493
66444862
66444874
66690639
69336657
63856227
69336690
69336694
69344892
65117824
66576001
66502283
66502284
70098573
67501711
69336721
69336733
64921249
63848109
64372406
69336760
69336761
65724093
65371855
69336785
66928337
69336788
69131988
69336796
69336800
69336801
65371875
69336804
69336805
66625253
66928364
66412281
69336827
67305215
65019670
67305243
69336874
69336878
69336888
69336889
69336890
67542840
69336899
66936644
69132108
69336911
69336914
69336932
64765809
67305336
37093247
63815554
68910982
37093258
63815567
67305361
64765848
37093272
37093280
63684531
69337013
69337016
69337021
66625469
66625472
67420100
64126916
66625479
64126944
69337068
66625518
69337078
69206015
